13020700005
13020700014
13020700020
13020700023
13020700028
13020700067
13020700088
13020700089
13020700108
13020700119
13020700122
13020700133
13020700145
13020700147
13020700165
13020700178
13020700184
13020700191
13020700194
13020700200
13020700201
13020700204
13020700208
13020700230
13020700238
13020700253
13020700260
13020700273
13020700298
13020700301
13020700303
13020700304
13020700309
13020700310
13020700329
13020700330
13020700333
13020700337
13020700359
13020700363
13020700366
13020700375
13020700389
13020700391
13020700392
13020700394
13020700395
13020700396
13020700399
13020700400
13020700402
13020700411
13020700418
13020700420
13020700422
13020700427
13020700432
13020700448
13020700450
13020700453
13020700456
13020700458
13020700459
13020700460
13020700463
13020700464
13020700469
13020700475
13020700476
13020700480
13020700484
13020700491
13020700493
13020700506
13020700513
13020700541
13020700542
13020700558
13020700567
13020700574
13020700579
13020700581
13020700582
13020700583
13020700587
13020700590
13020700595
13020700623
13020700638
13020700644
13020700646
13020700656
13020700673
13020700682
13020700685
13020700686
13020700691
13020700700
13020700707
13020700708
13020700712
13020700713
13020700715
13020700720
13020700723
13020700724
13020700725
13020700732
13020700747
13020700750
13020700755
13020700757
13020700769
13020700773
13020700775
13020700782
13020700785
13020700786
13020700788
13020700801
13020700802
13020700804
13020700818
13020700819
13020700821
13020700827
13020700829
13020700832
13020700834
13020700844
13020700851
13020700855
13020700856
13020700857
13020700858
13020700866
13020700873
13020700879
13020700896
13020700905
13020700906
13020700908
13020700914
13020700916
13020700917
13020700928
13020700940
13020700967
13020701001
13020701005
13020701030
13020701033
13020701041
13020701045
13020701046
13020701050
13020701061
13020701068
13020701079
13020701091
13020701094
13020701096
13020701098
13020701099
13020701104
13020701115
13020701120
13020701129
13020701137
13020701138
13020701152
13020701164
13020701172
13020701177
13020701179
13020701180
13020701182
13020701200
13020701203
13020701204
13020701207
13020701208
13020701210
13020701214
13020701220
13020701227
13020701231
13020701232
13020701234
13020701239
13020701252
13020701262
13020701263
13020701266
13020701279
13020701282
13020701283
13020701285
13020701287
13020701288
13020701297
13020701307
13020701310
13020701323
13020701333
13020701346
13020701351
13020701357
13020701363
13020701367
13020701368
13020701369
13020701378
13020701386
13020701397
13020701398
13020701400
13020701405
13020701412
13020701414
13020701416
13020701427
13020701428
13020701431
13020701432
13020701445
13020701446
13020701447
13020701448
13020701459
13020701464
13020701468
13020701469
13020701474
13020701476
13020701482
13020701483
13020701484
13020701494
13020701499
13020701509
13020701520
13020701521
13020701534
13020701543
13020701544
13020701546
13020701550
13020701554
13020701557
13020701567
13020701568
13020701578
13020701579
13020701586
13020701594
13020701595
13020701597
13020701599
13020701603
13020701615
13020701616
13020701621
13020701625
13020701630
13020701632
13020701636
13020701637
13020701643
13020701668
13020701670
13020701672
13020701673
13020701675
13020701690
13020701696
13020701699
13020701705
13020701724
13020701725
13020701734
13020701735
13020701736
13020701739
13020701747
13020701755
13020701756
13020701759
13020701766
13020701775
13020701778
13020701780
13020701802
13020701808
13020701818
13020701819
13020701822
13020701827
13020701830
13020701831
13020701842
13020701849
13020701860
13020701863
13020701865
13020701869
13020701874
13020701885
13020701888
13020701889
13020701893
13020701897
13020701898
13020701915
13020701917
13020701923
13020701929
13020701949
13020701957
13020701968
13020701985
13020702009
13020702027
13020702087
13020702112
13020702131
13020702132
13020702133
13020702135
13020702145
13020702166
13020702181
13020702187
13020702193
13020702194
13020702202
13020702203
13020702214
13020702215
13020702225
13020702229
13020702230
13020702234
13020702248
13020702252
13020702273
13020702275
13020702283
13020702297
13020702306
13020702316
13020702319
13020702355
13020702362
13020702384
13020702393
13020702427
13020702447
13020702451
13020702480
13020704004
13020704009
13020704037
13020704038
13020704042
13020704043
13020704044
13020704070
13020704073
13020704081
13020704086
13020704093
13020704102
13020704108
13020704109
13020704112
13020704125
13020704127
13020704128
13020704134
13020704143
13020704145
13020704148
13020704150
13020704154
13020704156
13020704158
13020704170
13020704172
13020704173
13020704175
13020704180
13020704183
13020704186
13020704192
13020704193
13020704201
13020704205
13020704209
13020704212
13020704214
13020704215
13020704223
13020704224
13020704226
13020704227
13020704229
13020704244
13020704246
13020704249
13020704250
13020704253
13020704255
13020704257
13020704258
13020704261
13020704264
13020704276
13020704287
13020704289
13020704292
13020704299
13020704304
13020704309
13020704310
13020704312
13020704321
13020704323
13020704324
13020704325
13020704328
13020704336
13020704344
13020704348
13020704351
13020704354
13020704355
13020704361
13020704363
13020704366
13020704371
13020704376
13020704380
13020704381
13020704385
13020704393
13020704408
13020704413
